3,2
3,1
3,3
10,23
10,109
10,279
10,273
10,107
10,117
10,287
10,185
10,2
11,22
11,4
11,18
9,5
9,1
9,7
9,2
9,3
8,14
8,5
8,13
8,10
8,8
95,4
95,3
95,2
95,1
95,0
94,4
94,3
94,2
94,1
94,0
93,3
93,2
93,1
93,0
91,5
91,4
91,3
91,2
91,1
91,0
90,4
90,3
90,2
90,1
90,0
89,5
89,4
89,3
89,2
89,1
89,0
88,4
88,3
88,2
88,1
88,0
79,4
79,3
79,1
78,4
78,3
78,1
73,3
73,1
55,4
55,3
55,1
52,3
52,2
52,1
52,0
26,4
26,3
26,1
25,5
25,3
25,1
18,1
20,3
18,3
20,2
20,1
19,3
14,1
19,2
14,3
19,1
13,1
12,3
13,3
12,2
12,1
11,27
11,26
11,24
11,23
11,20
11,17
11,16
11,13
11,7
11,6
11,3
11,2
11,1
